TOPOINT==>G1_punto_inicial
[-1.0 0.0 0.0 1000.0;0.0 1.0 0.0 0.0;0.0 0.0 -1.0 300.0;0.0 0.0 0.0 1.0]
TOPOINT==>G1_punto_1
[-1.0 0.0 0.0 1000.0;0.0 1.0 0.0 0.0;0.0 0.0 -1.0 30.0;0.0 0.0 0.0 1.0]
LINE==>G1_linea_de_1_a_2
[-1.0 0.0 0.002 1070.0;0.0 1.0 0.0 0.0;-0.002 0.0 -1.0 30.0;0.0 0.0 0.0 1.0]
LINE==>G1_linea_de_2_a_3
[-1.0 0.0 0.0 1070.0;0.0 1.0 0.0 400.0;0.0 0.0 -1.0 30.0;0.0 0.0 0.0 1.0]
LINE==>G1_linea_de_3_a_4
[-1.0 0.0 0.002 1100.0;0.0 1.0 0.0 400.0;-0.002 0.0 -1.0 30.0;0.0 0.0 0.0 1.0]
LINE==>G1_linea_de_4_a_5
[-1.0 0.0 0.0 1100.0;0.0 1.0 0.0 0.0;0.0 0.0 -1.0 30.0;0.0 0.0 0.0 1.0]
LINE==>G1_linea_de_5_a_6
[-1.0 0.0 0.0 1180.0;0.0 1.0 0.0 0.0;0.0 0.0 -1.0 30.0;0.0 0.0 0.0 1.0]
LINE==>G1_linea_de_6_a_7
[-1.0 0.0 0.0 1180.0;0.0 1.0 0.0 0.0;0.0 0.0 -1.0 0.0;0.0 0.0 0.0 1.0]
LINE==>G1_linea_de_7_a_8
[-1.0 0.0 0.0 1180.0;0.0 1.0 0.0 400.0;0.0 0.0 -1.0 0.0;0.0 0.0 0.0 1.0]
TOPOINT==>vuelta_G1_punto_inicial_1
[-1.0 0.0 0.0 1180.0;0.0 1.0 0.0 400.0;0.0 0.0 -1.0 300.0;0.0 0.0 0.0 1.0]
TOPOINT==>vuelta_G1_punto_inicial_2
[-1.0 0.0 0.0 1000.0;0.0 1.0 0.0 0.0;0.0 0.0 -1.0 300.0;0.0 0.0 0.0 1.0]
