TOPOINT==>inicio
[-1.0 0.0 0.0 1017.39;0.0 1.0 0.0 -400.0;0.0 0.0 -1.0 500.0;0.0 0.0 0.0 1.0]
LINE==>p1
[-1.0 0.0 0.0 1017.39;0.0 1.0 0.0 -400.0;0.0 0.0 -1.0 310.0;0.0 0.0 0.0 1.0]
LINE==>p2
[-1.0 0.0 0.0 1017.39;0.0 1.0 0.0 400.0;0.0 0.0 -1.0 310.0;0.0 0.0 0.0 1.0]
TOPOINT==>p3
[-1.0 0.0 0.0 1017.39;0.0 1.0 0.0 400.0;0.0 0.0 -1.0 500.0;0.0 0.0 0.0 1.0]
TOPOINT==>inicio
[-1.0 0.0 0.0 1019.39;0.0 1.0 0.0 -400.0;0.0 0.0 -1.0 500.0;0.0 0.0 0.0 1.0]
LINE==>p4
[-1.0 0.0 0.0 1019.39;0.0 1.0 0.0 -400.0;0.0 0.0 -1.0 312.0;0.0 0.0 0.0 1.0]
LINE==>p5
[-1.0 0.0 0.0 1019.39;0.0 1.0 0.0 400.0;0.0 0.0 -1.0 312.0;0.0 0.0 0.0 1.0]
TOPOINT==>p6
[-1.0 0.0 0.0 1019.39;0.0 1.0 0.0 400.0;0.0 0.0 -1.0 500.0;0.0 0.0 0.0 1.0]
TOPOINT==>inicio
[-1.0 0.0 0.0 1015.39;0.0 1.0 0.0 -400.0;0.0 0.0 -1.0 500.0;0.0 0.0 0.0 1.0]
LINE==>p7
[-1.0 0.0 0.0 1015.39;0.0 1.0 0.0 -400.0;0.0 0.0 -1.0 312.0;0.0 0.0 0.0 1.0]
LINE==>p8
[-1.0 0.0 0.0 1015.39;0.0 1.0 0.0 400.0;0.0 0.0 -1.0 312.0;0.0 0.0 0.0 1.0]
TOPOINT==>p9
[-1.0 0.0 0.0 1015.39;0.0 1.0 0.0 400.0;0.0 0.0 -1.0 500.0;0.0 0.0 0.0 1.0]
