TOPOINT==>inicio==>-0.618 -0.880 -0.097 -6.898 1.515 3.970 ==>-1.000 -0.000 -0.000 0.000 -0.000 1.000 0.000 0.000 0.000 0.000 -1.000 0.000 1017.390 -400.000 500.000 1.000 
LINE==>p1==>-0.618 -0.700 -0.074 -6.915 1.350 4.089 ==>-1.000 -0.000 -0.000 0.000 -0.000 1.000 -0.000 0.000 0.000 -0.000 -1.000 0.000 1017.390 -400.000 310.000 1.000 
LINE==>p2==>0.075 -0.907 0.373 -7.434 0.882 3.995 ==>-1.000 0.000 -0.000 0.000 0.000 1.000 0.000 0.000 0.000 0.000 -1.000 0.000 1017.390 400.000 310.000 1.000 
TOPOINT==>p3==>0.075 -1.142 0.349 -7.269 1.008 3.714 ==>-1.000 -0.000 0.000 0.000 -0.000 1.000 0.000 0.000 -0.000 0.000 -1.000 0.000 1017.390 400.000 500.000 1.000 
TOPOINT==>inicio==>-0.617 -0.878 -0.101 -6.899 1.515 3.968 ==>-1.000 -0.000 -0.000 0.000 -0.000 1.000 0.000 0.000 0.000 0.000 -1.000 0.000 1019.390 -400.000 500.000 1.000 
LINE==>p4==>-0.617 -0.700 -0.078 -6.915 1.353 4.086 ==>-1.000 -0.000 -0.000 0.000 -0.000 1.000 -0.000 0.000 0.000 -0.000 -1.000 0.000 1019.390 -400.000 312.000 1.000 
LINE==>p5==>0.075 -0.908 0.369 -7.431 0.884 3.990 ==>-1.000 0.000 -0.000 0.000 0.000 1.000 0.000 0.000 0.000 0.000 -1.000 0.000 1019.390 400.000 312.000 1.000 
TOPOINT==>p6==>0.075 -1.140 0.345 -7.268 1.009 3.713 ==>-1.000 -0.000 0.000 0.000 -0.000 1.000 0.000 0.000 -0.000 0.000 -1.000 0.000 1019.390 400.000 500.000 1.000 
TOPOINT==>inicio==>-0.619 -0.882 -0.093 -6.898 1.514 3.971 ==>-1.000 -0.000 -0.000 0.000 -0.000 1.000 0.000 0.000 0.000 0.000 -1.000 0.000 1015.390 -400.000 500.000 1.000 
LINE==>p7==>-0.619 -0.703 -0.071 -6.914 1.350 4.089 ==>-1.000 -0.000 -0.000 0.000 -0.000 1.000 -0.000 0.000 0.000 -0.000 -1.000 0.000 1015.390 -400.000 312.000 1.000 
LINE==>p8==>0.075 -0.911 0.376 -7.434 0.882 3.994 ==>-1.000 0.000 -0.000 0.000 0.000 1.000 0.000 0.000 0.000 0.000 -1.000 0.000 1015.390 400.000 312.000 1.000 
TOPOINT==>p9==>0.075 -1.145 0.352 -7.270 1.007 3.715 ==>-1.000 -0.000 0.000 0.000 -0.000 1.000 0.000 0.000 -0.000 0.000 -1.000 0.000 1015.390 400.000 500.000 1.000 
