TOPOINT==>G1_punto_inicial==>0.004 0.001 1.571 -0.988 0.359 0.000 0.628 -0.000 ==>1.000 -0.000 0.000 0.000 -0.000 -1.000 0.000 0.000 0.000 -0.000 -1.000 0.000 1000.000 0.000 300.000 1.000 
TOPOINT==>G1_punto_1==>-0.380 -0.184 1.571 -0.597 0.381 -3.142 -0.216 6.283 ==>-1.000 -0.000 -0.000 0.000 -0.000 1.000 0.000 0.000 0.000 0.000 -1.000 0.000 1000.000 0.000 30.000 1.000 
LINE==>G1_linea_de_1_a_2==>-0.380 -0.183 1.571 -0.565 0.259 -3.142 -0.304 6.283 ==>-1.000 -0.000 -0.002 0.000 -0.000 1.000 -0.000 0.000 0.002 -0.000 -1.000 0.000 1070.000 -0.000 30.000 1.000 
LINE==>G1_linea_de_2_a_3==>-0.380 -0.183 1.928 -0.522 0.122 -3.142 -0.400 5.925 ==>-1.000 0.000 0.000 0.000 0.000 1.000 -0.000 0.000 -0.000 -0.000 -1.000 0.000 1070.000 400.000 30.000 1.000 
LINE==>G1_linea_de_3_a_4==>-0.381 -0.183 1.920 -0.504 0.068 -3.140 -0.434 5.933 ==>-1.000 -0.000 -0.002 0.000 -0.000 1.000 0.000 0.000 0.002 0.000 -1.000 0.000 1100.000 400.000 30.000 1.000 
LINE==>G1_linea_de_4_a_5==>-0.380 -0.183 1.571 -0.548 0.202 -3.142 -0.345 6.283 ==>-1.000 0.000 -0.000 0.000 0.000 1.000 0.000 0.000 0.000 0.000 -1.000 0.000 1100.000 -0.000 30.000 1.000 
LINE==>G1_linea_de_5_a_6==>-0.381 -0.183 1.571 -0.496 0.048 -3.142 -0.449 6.283 ==>-1.000 0.000 0.000 0.000 0.000 1.000 0.000 0.000 -0.000 0.000 -1.000 0.000 1180.000 -0.000 30.000 1.000 
LINE==>G1_linea_de_6_a_7==>-0.381 -0.183 1.571 -0.457 0.029 -3.142 -0.428 6.283 ==>-1.000 0.000 0.000 0.000 0.000 1.000 0.000 0.000 -0.000 0.000 -1.000 0.000 1180.000 -0.000 -0.000 1.000 
LINE==>G1_linea_de_7_a_8==>-0.381 -0.182 1.898 -0.409 -0.109 -3.142 -0.518 5.956 ==>-1.000 -0.000 -0.000 0.000 -0.000 1.000 -0.000 0.000 0.000 -0.000 -1.000 0.000 1180.000 400.000 -0.000 1.000 
TOPOINT==>vuelta_G1_punto_inicial_1==>-0.380 -0.182 1.898 -0.752 -0.014 -3.142 -0.765 5.956 ==>-1.000 0.000 0.000 0.000 -0.000 1.000 -0.000 0.000 -0.000 -0.000 -1.000 0.000 1180.000 400.000 300.000 1.000 
TOPOINT==>vuelta_G1_punto_inicial_2==>-0.380 -0.184 1.571 -0.988 0.463 -3.142 -0.525 6.283 ==>-1.000 -0.000 0.000 0.000 -0.000 1.000 0.000 0.000 0.000 0.000 -1.000 0.000 1000.000 -0.000 300.000 1.000 
